6.110550000000000637e+01
2.665404280000000199e+02
1.609318647820000479e+03
1.095356731433319874e+04
7.950546031023799151e+04
6.017799530589894857e+05
4.693755070023954846e+06
3.745647772651375085e+07
3.043920684025355577e+08
2.510996179241920471e+09
2.097722120036203766e+10
1.771556195029000244e+11
1.510199085393631104e+12
1.297948603518493164e+13
1.123501829835699062e+14
9.785722937549502500e+14
8.569889137911780000e+15
7.540918555410115200e+16
6.663179308181434880e+17
5.909105763184760832e+18
5.257137132714232218e+19
4.690232234592090849e+20
4.194786645216524763e+21
3.759834855052924263e+22
3.376456726680602747e+23
3.037331955301343782e+24
2.736402758123275655e+25
2.468616388108714017e+26
2.229726992950590918e+27
2.016141928152264157e+28
1.824801612247633783e+29
1.653084870535505345e+30
1.498733783006012063e+31
1.359793560884031677e+32
1.234564083490070396e+33
1.121560544768098502e+34
1.019481266157164021e+35
9.271811861479226616e+35
8.436498776219609673e+36
7.679932014188459053e+37
6.994178999851589184e+38
6.372185841443715898e+39
5.807666805428929384e+40
5.295009957163693864e+41
4.829196213221346613e+42
