
------------------------------------------------
現在 n 值為：2
------------------------------------------------
10 2 -2
-3 10 4
[0] [0] 
Correct
10 2 -2
0.0 10.6 3.4
-0.2641509433962264 0.32075471698113206 
------------------------------------------------
現在 n 值為：3
------------------------------------------------
2 2 5 9
6 3 6 -4
-4 5 2 -4
[0] [0] [0] 
Correct
6 3 6 -4
0.0 7.0 6.0 -6.666666666666666
0.0 0.0 2.142857142857143 11.285714285714286
-3.2000000000000006 -5.466666666666668 5.2666666666666675 
------------------------------------------------
現在 n 值為：4
------------------------------------------------
10 1 7 4 0
-2 1 1 8 8
-5 6 -5 5 2
4 0 -4 10 -3
[0] [0] [0] [0] 
Correct
10 1 7 4 0
0.0 6.5 -1.5 7.0 2.0
0.0 0.0 -6.892307692307693 8.830769230769231 -2.876923076923077
0.0 0.0 0.0 10.937500000000002 6.513392857142858
-1.0583673469387753 -0.06122448979591839 1.1804081632653058 0.5955102040816326 
------------------------------------------------
現在 n 值為：5
------------------------------------------------
7 3 9 9 3 8
7 7 -2 -1 -3 1
6 7 9 -1 2 1
-2 4 -1 2 0 -4
6 10 -2 -2 -2 8
[0] [0] [0] [0] [0] 
Correct
7 3 9 9 3 8
0.0 7.428571428571429 -9.714285714285714 -9.714285714285714 -4.571428571428571 1.1428571428571432
0.0 0.0 7.923076923076922 10.923076923076922 3.8461538461538454 -2.4615384615384617
0.0 0.0 0.0 -12.679611650485437 -1.2815533980582527 -4.339805825242717
0.0 0.0 0.0 0.0 -1.0597243491577337 -10.49770290964778
3.2095375722543347 -0.11849710982658897 -4.210982658959536 -0.6589595375722546 9.906069364161848 
------------------------------------------------
現在 n 值為：6
------------------------------------------------
-3 0 0 3 -5 9 0
8 -5 1 2 4 4 5
5 10 -5 5 4 -2 10
6 9 7 8 10 -5 3
-3 -4 5 -3 8 2 -5
9 4 7 10 6 8 1
[0] [0] [0] [0] [0] [0] 
Correct
9 4 7 10 6 8 1
0.0 -8.555555555555555 -5.222222222222221 -6.888888888888889 -1.333333333333333 -3.1111111111111107 4.111111111111111
0.0 0.0 -13.636363636363637 -6.818181818181818 -0.5454545454545452 -9.272727272727273 13.181818181818182
0.0 0.0 0.0 4.5 -3.2685714285714287 10.14857142857143 2.4428571428571426
0.0 0.0 0.0 0.0 8.604444444444445 4.053333333333332 3.8
0.0 0.0 0.0 0.0 0.0 -6.192443919716642 4.245179063360883
-0.6866499841118536 -1.348351604702893 -1.8532133778201467 2.6442643787734372 0.7645734032411822 -0.6855417858277733 
------------------------------------------------
現在 n 值為：7
------------------------------------------------
-3 1 1 3 9 3 8 4
6 -4 10 5 0 4 4 10
6 6 3 2 -4 1 -5 0
-3 6 4 7 2 -2 -5 0
5 -2 8 1 7 -2 -5 9
1 -3 5 10 8 10 7 6
1 -3 -3 0 -3 5 9 1
[0] [0] [0] [0] [0] [0] [0] 
Correct
6 -4 10 5 0 4 4 10
0.0 10.0 -7.0 -3.0 -4.0 -3.0 -9.0 -10.0
0.0 0.0 11.8 10.7 3.6 1.2000000000000002 0.6000000000000001 9.0
0.0 0.0 0.0 6.925141242937853 6.548022598870056 8.460451977401132 4.146892655367231 0.7033898305084749
0.0 0.0 0.0 0.0 10.480726086069753 -0.9496226799918412 -5.181317560677137 1.8786457271058536
0.0 0.0 0.0 0.0 0.0 4.27853348123066 11.862513865374511 2.732695039601456
0.0 0.0 0.0 0.0 0.0 0.0 4.907650742969425 3.3258968166250487
1.140585597232995 -0.36731476615869657 -0.021733992832257926 0.8309630852983445 0.40190231519711284 -1.2402583500849382 0.6776963135344632 
------------------------------------------------
現在 n 值為：8
------------------------------------------------
9 5 4 10 10 9 0 1 7
4 1 1 0 -5 0 7 -5 6
9 0 2 5 -5 1 0 -1 -5
0 -2 -2 7 8 -2 4 1 6
2 -1 -4 0 8 -2 -5 9 3
3 2 6 10 -1 7 -5 -5 10
4 10 10 -1 7 -5 0 8 1
6 5 3 -5 -4 4 -2 2 7
[0] [0] [0] [0] [0] [0] [0] [0] 
Correct
9 5 4 10 10 9 0 1 7
0.0 7.777777777777778 8.222222222222221 -5.444444444444445 2.5555555555555554 -9.0 0.0 7.555555555555555 -2.1111111111111107
0.0 0.0 4.314285714285714 6.9 -4.442857142857142 4.385714285714286 -5.0 -5.657142857142857 7.757142857142857
0.0 0.0 0.0 -8.21523178807947 -12.685430463576157 1.3807947019867557 -3.6556291390728477 -2.1589403973509933 5.35430463576159
0.0 0.0 0.0 0.0 11.266021765417168 -19.437726723095526 9.928657799274486 10.780330511890366 -28.22974607013301
0.0 0.0 0.0 0.0 0.0 -2.8127079532038213 1.360631104432757 1.2768416156845908 9.80948803262853
0.0 0.0 0.0 0.0 0.0 0.0 -10.224108982675725 5.042038718868453 17.880141952224676
0.0 0.0 0.0 0.0 0.0 0.0 8.881784197001252e-16 -1.8934335573943248 -6.556191286627621
-7.216591981287043 27.53196578051699 -20.675821648685247 12.217472436495528 -9.12237013285675 -1.93564792304559 -0.041236842451084166 3.4625937947619434 
------------------------------------------------
現在 n 值為：9
------------------------------------------------
4 -2 -3 7 9 -2 5 5 -3 -4
-4 2 6 1 3 5 -1 10 0 2
9 1 6 -4 -2 6 10 9 5 7
1 -1 2 7 -1 -5 4 2 8 -2
-1 6 2 -3 -5 4 7 -5 9 6
3 -3 4 -5 8 1 -5 -1 6 5
0 1 -4 -4 1 1 -5 -1 -2 10
8 -3 10 9 8 1 3 1 5 -4
0 10 -2 8 9 -2 -4 -1 4 1
[0] [0] [0] [0] [0] [0] [0] [0] [0] 
Correct
9 1 6 -4 -2 6 10 9 5 7
0.0 10.0 -2.0 8.0 9.0 -2.0 -4.0 -1.0 4.0 1.0
0.0 0.0 9.155555555555555 -2.7333333333333334 -0.08888888888888902 8.155555555555555 4.4222222222222225 14.244444444444444 1.2444444444444445 4.866666666666666
0.0 0.0 0.0 16.82766990291262 13.315533980582526 -8.575242718446603 -9.322815533980583 -13.439320388349515 1.5825242718446597 -11.900485436893202
0.0 0.0 0.0 0.0 12.155920957738351 -3.1611135150728398 -10.644165584883888 -6.8885042550122595 5.542045290638975 1.8655704601182759
0.0 4.440892098500626e-16 0.0 0.0 0.0 6.158477401900876 11.848831828375475 20.26476381456388 -6.5194003108796 1.930473320122927
0.0 0.0 0.0 0.0 0.0 0.0 8.961265312571044 16.09944163786227 5.51200921740672 5.199126041871381
0.0 0.0 0.0 0.0 -8.881784197001252e-16 0.0 0.0 -18.99679481528719 3.6668419314487153 -2.4214777583938956
0.0 0.0 8.881784197001252e-16 0.0 0.0 0.0 0.0 0.0 5.255117569799475 9.46351157656045
0.6622276635247003 -1.092589261255354 -2.4407278898840943 1.0165549227705872 -0.7458868455874877 3.313577364995315 -1.3809825265149989 0.4750692778414382 1.800818240670029 